88: -1,-1 | -1,-1 | -1,-1 | -1,-1 | -1,-1 | -1,-1 | -1,-1 | -1,-1 | -1,-1 | -1,-1 | -1,-1 | -1,-1 | -1,-1 | -1,-1 | -1,-1 | -1,-1 | -1,-1 | -1,-1 | -1,-1 | -1,-1 | -1,-1 | -1,-1 | -1,-1 | -1,-1 | -1,-1 | -1,-1 | -1,-1 | -1,-1 | -1,-1 | -1,-1 | -1,-1 | -1,-1 | -1,-1 | -1,-1 | -1,-1 | -1,-1 | -1,-1 | -1,-1 | -1,-1 | -1,-1 | -1,-1 | -1,-1 | -1,-1 | -1,-1 | -1,-1 | -1,-1 | -1,-1 | -1,-1 | -1,-1 | -1,-1 | -1,-1 | -1,-1 | -1,-1 | -1,-1 | -1,-1 | -1,-1 | -1,-1 | -1,-1 | -1,-1 | -1,-1 | -1,-1 | -1,-1 | -1,-1 | -1,-1 | -1,-1 | -1,-1 | -1,-1 | -1,-1 | -1,-1 | -1,-1 | -1,-1 | -1,-1 | -1,-1 | -1,-1 | -1,-1 | -1,-1 | -1,-1 | -1,-1 | -1,-1 | -1,-1 | -1,-1 | -1,-1 | -1,-1 | -1,-1 | -1,-1 | -1,-1 | -1,-1 | -1,-1 | -1,-1 | -1,-1 | -1,-1 | -1,-1 | -1,-1 | -1,-1 | -1,-1 | -1,-1 | -1,-1 | -1,-1 | -1,-1 | -1,-1 | -1,-1 | -1,-1 | -1,-1 | -1,-1 | -1,-1 | -1,-1 | -1,-1 | -1,-1 | -1,29,-98,98,-29,1 | -1,29,-98,98,-29,1 | -1,29,-98,98,-29,1 | -1,29,-98,98,-29,1 | -1,29,-98,98,-29,1 | -1,29,-98,98,-29,1 | -1,29,-98,98,-29,1 | -1,29,-98,98,-29,1 | -1,29,-98,98,-29,1 | -1,29,-98,98,-29,1 | -1,29,-98,98,-29,1 | -1,29,-98,98,-29,1 | -1,29,-98,98,-29,1 | -1,29,-98,98,-29,1 | -1,29,-98,98,-29,1 | -1,-114,-4165,12504,4848738,100187340,-1259684910,-72301689992,-422234780287,21293895268602,336336308859069,-2763582394759664,-94415929869859292,2038680877741560,16151159009332203748,56350404374603619600,-2062444622545710961513,-10709198651855100800978,221992893516912925786755,1215201282381396955533896,-21515253377465793805096482,-94785287950184616020007788,1898046206019858778550758926,4469042960219956932688130280,-147555288182879043947895329311,29658935647409410347154426954,9520546821396889194934094890189,-29650094357333445646216573239840,-460485755177424776023794876095592,3239718952458141957723266986249168,12265262945605799190927687566170264,-211158269225133148754464126139932448,288117109342038445139320441280881185,8430044386705941213535115198412488146,-50908903349392440899331569269294009531,-114410814383197266931605436352088730680,2611894234264921631924685782015494196134,-8733193563551137899575719036590114852316,-51886953258954250622752998898194939221450,589183459806006943638146809938328607207464,-1431335869486785414276321660489226334337425,-11557478861644296407718557505932095828834234,111840009050736614169074288937139244491139091,-294918685174682495628370733045273682938865840,-1582936405171179384363619999250517140517572972,18060064399383564448888756885659279966169380504,-66903043144725556750963922352266073881899932204,-68651914560674564162690981198324111422444996272,2177319588547045017345138230543979278003095071345,-12250016644314170887677868354759400603364995262718,26531249691985290917776557006934513010310673210501,115058002986283014198723291742562783313587390607128,-1375451244366646593881491908974804414469568142270790,6713803131796642191109745377405901159933936683163068,-16075770170677202947943988329770717034592340686650358,-29884748394837404947768292099788536626139769936984968,534445999459172135550799226259081038993768987097926631,-3160382880244009569366695086486557485092061935846189722,12130260371810490548056943192091600307413969814749005051,-27755795896238283440714300208562138337042243554776876416,-19750820689257222463278491819931432970200830853851459296,631752827212839410853524599376238891764542571559474652608,-4281013947440930987507912333065091080056191318608185018080,21013801537990283428232180650800160118571852036437119596160,-86529197085478358885435120540891656960680370994794788905130,314982400577199975373486420623280060707149013883973607951820,-1040239004008744336073281965461710461282859385257640709625170,3164651966791996275644636200194624635009898452491692694208240,-8957968437840991730352702804990526425351358820204663812604300,23760445421057410960389671573661941282898744880672631071569080,-59367828825044429418415212538829045678490317076225030063293740,140306360131306974955695377471762494738562843639415024796604720,-314671424282844368032896682011791897871226024883117033402133910,671521751042616713809120998297090831885147978046878744006910980,-1366672861341980743757865424792025252402034224606371150596450110,2657686651771352593715621875625185434364603873129710883243672352,-4946478949136668330087700972648159052661464194017845239034825592,8824059560398151706276640752362341112523773092126914351820890480,-15106798674628791878100206717428289303961122165321005408059073528,24848383531884778047805611113372669022822235862978127433890385184,-39308234799741883489484877739891982280177789895361231979969386650,59858052350206401178048870087804910203232173351052353761189036620,-87815547862061853433167091851761781184569811551083758098931417826,124209120751735471411935105588399133051314539760560179696129928784,-169497655054879680479578541527231782745820729318603417656922347764,223291307083893570199171249300398359611405195172415130255696406792,-284135425615345008484340442338383425944383332307840629823447123732,349423486586421395039024050192794880568849956102986308228871705744,-415491209127549576130941136788923901392912798543278698215761141750,477912588409259736238184508175501959606775144824845494578590152164,-531975063279599582397058419135710066602553155792575034176337041470,573266125727226378359018344203466925283648208185473721609102383936,-598270197633398146907479204490321979117453137839963790719474131824,604863336150603863987394178491615803837079872487506581380071914720,-592609160695379658796824396752756862132702220370265190086065854832,562799258650753442394891880705068710415375665781635180641380640064,-518234924087509716884218009470786746036037467245383432434125338174,462800132843488220979040489139435724031720860088502865938997787428,-400914484016300472138422994668048897288514227119030915767314793590,336970581877055573330137982358826457389404991847297425997910790672,-274851279199162217394650176211827482695612786667236036422073445780,217593572526717509782010246773362158569679049466189738848430132744,-167227473838889955586970331971243768417929089968309909515443641460,124780648350982988537571367735564384542378874130009628983411367632,-90411557330780647166049268837355446156144953317739924326427758690,63619658987145903817934328830679719205085544406754318637969333132,-43480815001310627414474863976983608189482298845102880864501577114,28865967804555907653858827264226384428984449794285558061820918816,-18616364030176262800306864683577443469377836419898147758221657336,11664261259582701455368212589242808522444325431404694827419266416,-7100711422202501364617046639343475637327090304263335566296842872,4200033077454049778463486876649068114439162502882551416189606944,-2413955138104250388037388938956339191256781951810364633563988542,1348174867241272124607372646265111188697257030412125967039260740,-731668338540471189337869974618188131683187157497696986409480982,385868504010655283959660809941462309724663302646506763551900080,-197752988489004128503917625259349570814620527104534909622829228,98483313024378469363695461461242510972074372471619506596457912,-47659657263851339534423733987536191664861345294393695719938060,22411772728570226256838112250286391961235699533596896042138736,-10240529621899549277232104147894816480940992981065035140499922,4546413127940244242874647784224281499133954387692424705420812,-1961057888776649086863925844522643965967334491392122310575274,821782841872788997706580348297939811852181674223854207386240,-334529334903976985343440546095829093004926361849401420380896,132276382330221040400566734235685636180788665691631825438144,-50799200137220760464495432817157290525325263854304357694176,18945596621792451565074799062296298745188822290086256799360,-6860909024954136931408948128784091989722530775494506354437,2412218681383642014526780196415250013413403398390138888518,-823279670864879621731880564627391461929884886811469194201,272710611171561783399594995420018932300661376084228567992,-87660267318055402948724334907550608369830488890112844470,27337924100213393302086905916600863739041448724506429756,-8269886995162158726835294047980389003443938910135525766,2426092531063279529389066161513394572722530014328986840,-690055699246717298853613848706490930924942337594074811,190246926484861413721230751770955538343324336582422754,-50826201739624931460261414251089467716662646278371855,13154235352145928463493542310809697022962292987327184,-3296963493480515599726411047946842244070225016158380,799993705517535131932794266064103983417203340775576,-187856559570926329822748176652246680365531983308524,42674311177702683476672299545170091467786356464080,-9374085479660682709288466343979223531509093955437,1990322974410812209915800414777816219185189773734,-408270342920036242980279902348695452980205670609,80869654367168101262476041904333034854859039208,-15459881553200574130610190217730444519475366410,2850777566617694224500022709755383215146123172,-506750410166953487206922801374288434298743578,86779554870480739948415287010879577992309512,-14306474721853050089980111302192915045973115,2268913416579418082234142542944715213652274,-345882370901266067783841515251143536703711,50640055714722431191241056535084553931232,-7114063945588976422417642907250571722344,958013724391224669024389360800324492240,-123536574897612287827659381195927217512,15236747424451520882891749430478599392,-1795248388010899423252942433559855155,201794924318078259251686245791932522,-21608130770539434323391780926882143,2200681918412735046341478566999720,-212803755658530816027197433435698,19501175444222045989699760538900,-1690045094072591574353615766242,138196050610947828296538339208,-10635305299759613607582028605,768130076486157820601304654,-51901399370464841287661033,3269200707376844253876368,-191195825534708425491356,10334792877157648524280,-513602150888287502684,23323915031100491408,-960974550953834691,35616620872549530,-1175282355780671,34091892206776,-855433921774,18181039948,-318064606,4394648,-44933,302,-1 | -1,29,-98,98,-29,1 | 9,-107,-19494,114066,18325073,-85396731,-9618360720,65159564840,2908936707462,-34113384875282,-390851340148108,9176423088493572,-25180256021186002,-883530196285771546,11843453229778849016,-51422406906762848056,-298014746448555961173,6435426405291503271791,-55200609065707146684346,319223952450421603517230,-1392456232798881458899797,4796482711092550320554119,-13367930476604884832211544,30607520567463485673721168,-58214664870975672117471388,92816256563268016552469332,-125047454998691864533094568,143387709491049560535119288,-140842822213897021577664716,119178504040231800637823620,-87296005983626667300298512,55570938090301964243420624,-30840023543136609632636145,14955231418130086563261283,-6346473780205252075397114,2358543368905994860438030,-767551715034387405738281,218563234042895517046787,-54372160315994872403712,11789417223860663401096,-2221024562357065084618,362074619989808238942,-50818333994676626060,6102190905196841092,-622018304256791234,53300707821196214,-3792270594001640,220471912708968,-10253898345955,370608801273,-9987394406,188439282,-2240627,13649,-24
129: -1,1 | -1,1 | -1,1 | -1,1 | -1,1 | -1,1 | -1,1 | -1,1 | -1,1 | -1,20,-190,1176,-5291,17372,-39892,62864,-68231,48268,-13070,5464,-301,4
143: -3,1 | -3,1 | -3,1 | -3,1 | -3,1 | -3,1 | -3,1 | -3,1 | -3,1 | -3,1 | -3,1 | -3,1 | -3,1 | -3,1 | -3,1 | -3,1 | -3,1 | -3,1 | -3,1 | -3,1 | -3,1 | -3,1 | -3,1 | -3,1 | -3,1 | -3,1 | -3,1 | -3,1 | -3,1 | -3,1 | -3,1 | -3,1 | -3,1 | -1,-1 | -1,-1 | -1,-1 | -1,-1 | -1,-1 | -1,-1 | -1,-1 | -1,-1 | -1,-1 | -1,-1 | 8373562128437768595416184336,-236320531180354802581745646816,3508057333919400721001858115432,-35915190053316751960081452317736,282535668567444021926519117758617,-1809121311957940019739650590176060,9769483560455486190130407418168137,-45564094578344963635132035123964248,186662165860412075627517546752986395,-680105912480602727195247217014659724,2224674758195492278111015711302287811,-6580471806102978859508722452643803576,17699499433447253264155530314414814912,-43473665143153029467004661885946577408,97821956034409776845212848675879418104,-202103988961100747410294857270057090240,383939750194370163471930403974880706424,-671079565927622892020210273706511660128,1079007369812458809222306917710600735320,-1594189610908359505170327371722074291360,2159658596766024164667434131538334964908,-2673236608342269346276130690363113432272,3007234171925606302237522890181004612652,-3049552290428176602740072608374759475488,2752374700765804653289592596142924319972,-2164240070678907714564305789734597410576,1423657088110752523877765746179928095876,-710414697866003513471839073469587528544,175576765225562685056479485984017694520,113813178860011130445596797135598480608,-186454822047898661916316025528326110504,132437131899313340946580321859022906816,-47735940808411054051817725849143460984,-8423833918064076831723173720541304544,23646742884386127460745213855557123928,-14686840176857756557748252989971110576,2350202464236230986197480756292676038,3208808536600579199259748184384720216,-2672928709926465650411892372685717594,525723788614504534845204856681502832,514612008973557474905638938143504210,-393678181000643458876913909130282504,28353616790871348380753050586359298,95643817964311352308193784847324656,-40434302858163050121922296477112696,-11296126285582002656152383760872416,13634992583612280258843764237880920,47117775801924749038481707316416,-2848674560867940476443533041509112,750687683346820973202904882576224,833807153491700900348991842685288,-13340022144476759794113369719328,-21329173727840655814447737633780,120213876034324189010863233347760,93626096999296419180320204721420,38603628558816959378347015774176,20222946996129500900651611658820,16122297184561420724877669927792,10877533062585317309260734242148,5411801340723161223368331167520,2051181783933299080415863224840,616180276693841444025076461600,150941041829255447027643560616,30734949338876597980365647424,5268711577349396471954363496,766579352588391229684228800,95111645982277584345569280,10082507073628526186634648,912693232045480951780713,70343182461591449185284,4590514549717308651609,251497764642842521128,11425208206728589803,422843056187244084,12427374434411475,279091865921544,4499472861432,46375667424,229582512 | -18068994,1136988495,-21224657853,217639302084,-1528468630128,8141047318665,-34547951455875,120288913262982,-350564856912534,865621620739919,-1821529654566701,3268299702404328,-4978408911675772,6379186544785121,-6769623721307739,5796856433980306,-3819112054548270,1737181637862885,-356473045830335,-144533297810844,126254639441160,-21346788394381,-12165283856305,1683676718698,508381236998,-18563631875,-4926126551,234869168,15167396,-1201501,21519,-66
181: -1,-1 | -1,-1 | -1,1 | -1,1 | -1,1 | -1,1 | -1,1 | -1,1 | -1,1 | -1,1 | -1,1 | -1,1 | -1,1 | -1,1 | -1,1 | 1,-18,-20,398,509,4608,-43456,35164,24075,8558,2452,438,55,4
183: -1,-1 | -1,-1 | -1,-1 | -1,-1 | -1,-1 | -1,-1 | -1,-1 | -1,-1 | -1,-1 | -1,-1 | -3,-6,56,-42,27 | -3,-6,56,-42,27 | -3,-6,56,-42,27 | -3,-6,56,-42,27 | -3,-6,56,-42,27 | -3,-6,56,-42,27 | -3,-6,56,-42,27 | -3,-6,56,-42,27 | -3,-6,56,-42,27 | -3,-6,56,-42,27 | -3,-6,56,-42,27 | -3,-6,56,-42,27 | -3,-6,56,-42,27 | -3,-6,56,-42,27 | -3,-6,56,-42,27 | -3,-6,56,-42,27 | -352,89776,1072016,-162658536,-2997565326,84856933871,2236055850248,-17065192075672,-821114110564968,-738775226521015,170417609295324990,1118550554465440296,-17484578589119765984,-194193069948249125560,1023451107436429761536,18221304295525699624960,-36738137218001539167712,-1169843818010922305778648,877209446296394448294800,56902403736672709229096224,-25763212702739773050212936,-2198029559820224833590727436,1719168481191033089407633152,68043778224844115146021955744,-106492852979884717695761232192,-1644132273932100652132473707060,4523748775884120942203993799688,28696318690387933548952415620832,-132432227232971138430976547800048,-282383084173751096966677955652248,2651924464023019718292730188370848,-1017911638810865177474733708677760,-33552594142110886269005409300562464,85274676744922935460152652274731992,184228341189834468597254255450503824,-1313715388837113700451214480279250800,1468394219575065364985767918119372908,7714955238327545092842425996927305130,-31821704901169644145678274697357996464,28061693703771453084193402320518961840,140306939267307344576456529756418156208,-570159829557307971743303548657877618490,806381486601570499810315840245233173044,760685401772113628395937001127031217648,-6342146835003366062364215645960744136720,15445523954114547179124420577619169923304,-18984023008350909361685153081074214083296,-5336185657463637595023197454950690235648,90051200275247402820099665562162293447520,-263942489158113796474314166554822226821288,531761329035312310972953654457964424523632,-860063862701428700279533147195094141079264,1181041510206799903136353065296898823863864,-1415932773135692550992612806310822117863404,1506553099764096269253157328435643245643840,-1437766194508443942913425499249884315176160,1239623091840401433409384015714071172652544,-970476448257043788389799990429620885671956,692331752706351429529824336799789172609160,-451151909419513853093833607223993018075936,268940444577174148580337885689912605925616,-146761891169643375054710975005973384567016,73311632302128384100739915750296829672160,-33496378643943563462625138471072221645952,13977284675132434294758220718167616315904,-5314029891541993362179260616509024746120,1834722090435439481574162023628831408096,-572730990992460829297201327495393629672,160719827285075911279249070795425125426,-40243295597340364061942969027968237857,8904798702551935088149480097751816552,-1719260588556562652367203293342359768,284727425312044328229443400555758328,-39498808202731182158925724116020295,4434199263978167952452246302044414,-381838132730747410733815481555928,23032606383918149501611170045936,-814647663697108178453637917232,10544485643217930823857417312
191: -1,1 | -1,1 | -1,1 | -1,1 | -1,1 | -1,1 | -1,1 | -1,1 | -1,1 | -1,1 | -1,1 | 9,-123,360,-2060,3566,-9802,10140,-4892,1521,-275,20
241: -1,-1 | -1,-1 | -1,-1 | -1,-1 | -1,-1 | -1,-1 | -1,-1 | -1,-1 | -1,-1 | -1,-1 | -1,-1 | -1,-1 | -1,-1 | -1,-1 | -1,-1 | -1,-1 | -1,-1 | -1,-1 | -1,-1 | -1,-1 | -1,-1 | 1,34,1 | 1,34,1 | 1,34,1 | 1,34,1 | 1,34,1 | 1,34,1 | 1,34,1 | 1,34,1 | 1,34,1 | 1,34,1 | 1,34,1 | 1,34,1 | 1,34,1 | 1,34,1 | 1,34,1 | 1,34,1 | 1,34,1 | 1,34,1 | 1,34,1 | 1,34,1 | 1,34,1 | 1,34,1 | 1,34,1 | 1,34,1 | 1,34,1 | 1,34,1 | 1,335,53949,5565115,413422043,23577316029,1074539288695,40226703532241,1261838678434836,33664511125796516,772695796919925796,15395993843550485532,268179213315860829116,4106213575968558729892,55497404089584804261420,664110517502948672680052,7050446712780309078247678,66473186090992656398006466,556611836598184128828544710,4135438102566347199313081290,27206567425814199810402719610,157982267076770610759040840278,805975589584638482957867673666,3589949270306862853485427809198,13844729956009039789962428030196,45723071717396032362398667758556,127448754813649729908452823417252,294086096864254962378808487378172,547195947793090507978546077526572,791631550022396397782257767182004,845719755993300242846138550552540,620426329697677696244078941366596,285909750413900259495624663797385,80252600670456472251667101739815,13816312270509453634188760276197,1561414744509177050355506088915,138790109635337515578188429763,10423932285759927473869828245,563551413124717165755456063,31189045779097933798699209,1020023010267074339915376,42783375097417421447496,684431536954315991760,21613627482767873424 | 63,1809,-132813,-5857425,2813222,3064175304,26301382008,-720768031976,-11462014620252,53769902967244,2249690013881092,15191856802624916,-52325781433339952,-1562896946137744744,-11591499236809537688,-46034572688912007992,-123148341455223988262,-142243333190825533674,223100469768513881954,1912851458185091215562,5401753605381813225916,10859895766942036064440,11176497046703579154824,3035234509071644219624,-10189215034321541893148,-21659570433229296175572,-15848027508965352090780,-503589869492281357324,437453419501231789760,-25231571483484776088,1729156075620864024,-77946164193495112,1863738323298015,-24632389422495,181701294723,-697205313,1071630
264: -1,-1 | -1,-1 | -1,-1 | -1,-1 | -1,-1 | -1,-1 | -1,-1 | -1,-1 | -1,-1 | -1,-1 | -1,-1 | -1,-1 | -1,-1 | -1,-1 | -1,-1 | -1,-1 | -1,-1 | -1,-1 | -1,-1 | -1,-1 | -1,-1 | -1,-1 | -1,-1 | -1,-1 | -1,-1 | -1,-1 | -1,-1 | -1,-1 | -1,-1 | -1,-1 | -1,-1 | 1,34,1 | 1,34,1 | 1,34,1 | 1,34,1 | 1,34,1 | 1,34,1 | 1,34,1 | 1,34,1 | 1,34,1 | 1,34,1 | 1,34,1 | 1,34,1 | 1,34,1 | 1,34,1 | 1,34,1 | 1,34,1 | -1,-425,-87744,-11729080,-1141610108,-86266049292,-5269685329120,-267549128585168,-11520124244435706,-427146647733440090,-13801724368730120464,-392325245717489706192,-9886703896400974925228,-222269503819227467217340,-4481066173231100334110976,-81360535564729206447322064,-1335078472130556229598248759,-19856758475796065324894857215,-268298971623079468431163175952,-3299259019190814676531168447176,-36971966338206600859709711968872,-377889540625712939199206297892264,-3524376149305387125997724554271040,-29993434569166341056676707461548960,-232813130268543147365431473556569036,-1646788998523338438896496797736029388,-10600280550279552725098905541389889824,-61974614101566772697035714410958924896,-328274643775403755906762271334858053496,-1570376798267640378430960369452082505112,-6757526979348003805746731139588839361408,-26029055550470283335947055885315839026720,-89206206423834938978310834717054959091327,-270005217630946930346917825570103865304119,-715156807514843017137446019925024204706400,-1638743416428671464663756921758334847311176,-3202090324812722710943801958656449069398828,-5237849029465700135815273988203373165709372,-7002362146906285234055141964235560422373600,-7411833365900458248034405680983879266030224,-5953964496976785371725367957579054049219546,-3434529607299728813360035283538390560644986,-1335496117097489805860156170387472011012560,-336456192258832028769729893345497964656848,-54498639644088518635585283629822254295644,-6002537070685002492703398287629166666028,-525425311167840474839452650059834518656,-38590324741961258204393517786535000080,-2087815551676511113051605770141939625,-112784527465345450060961561206644609,-3723690101154313081441059424061136,-151869900729787736053630765937976,-2470200827889141735647774379120,-75362059155939917358745659024 | 63,1809,-132813,-5857425,2813222,3064175304,26301382008,-720768031976,-11462014620252,53769902967244,2249690013881092,15191856802624916,-52325781433339952,-1562896946137744744,-11591499236809537688,-46034572688912007992,-123148341455223988262,-142243333190825533674,223100469768513881954,1912851458185091215562,5401753605381813225916,10859895766942036064440,11176497046703579154824,3035234509071644219624,-10189215034321541893148,-21659570433229296175572,-15848027508965352090780,-503589869492281357324,437453419501231789760,-25231571483484776088,1729156075620864024,-77946164193495112,1863738323298015,-24632389422495,181701294723,-697205313,1071630
275: 9,-14,9 | 9,-14,9 | 9,-14,9 | 9,-14,9 | 9,-14,9 | 9,-14,9 | 9,-14,9 | 9,-14,9 | 9,-14,9 | 9,-14,9 | -3,-6,56,-42,27 | -3,-6,56,-42,27 | -3,-6,56,-42,27 | -3,-6,56,-42,27 | -3,-6,56,-42,27 | -3,-6,56,-42,27 | -3,-6,56,-42,27 | -3,-6,56,-42,27 | -3,-6,56,-42,27 | -3,-6,56,-42,27 | -3,-6,56,-42,27 | -3,-6,56,-42,27 | -3,-6,56,-42,27 | -3,-6,56,-42,27 | -3,-6,56,-42,27 | -3,-6,56,-42,27 | 352,-121456,8575984,-197265864,-367986834,79174284013,-811664705840,-8749733682785,195268650104190,-222489242070698,-18395223880776576,123689391538264890,610962655994540990,-10446828819639827861,21594368332264917232,346067105844139504145,-2435361136015301826578,-77868453785240054652,69463654767531026158048,-300219898145961308467252,-254105908868776057770778,6918579475430487489915965,-23769474980601743578816176,-12404907754461456824246657,380068228206671153102899926,-1318811384948776514821876246,747593751483030975620189120,10695706827929262788251316038,-47112347945711898047521616714,84571844543715919786171793507,53000114678162551955048982768,-796953820351321917693662112375,2571405119002523964362156615526,-4574627878879004021452227162288,2312353418708656665915705191424,15203785005924750439978499842992,-66087676705538884108413812175638,171159220630600547125825516070479,-343906772974149975792096511468048,578681537957656075386215398941141,-844334367269066276122647274352582,1089319196844348223907821489804554,-1258158567020134905159334134895872,1311941473255297861015945207771494,-1242502461233960582411161518645702,1073449403716028780455622911732905,-848703333952343855840975134212528,615485375809462440192528267106635,-410058689041305552968825294707254,251214556204563035767548032891988,-141568684601698950330898477127520,73371023686053738034944537245724,-34944873842921607191855981021022,15273941311493060955120689922567,-6114335394009197554035195270672,2235500527976516190002843967885,-743778951965954218606230724878,224137456561336537848980040822,-60810276401877598793446876992,14740028079238859467111375194,-3160745513893161596627325486,591899269621459881166186761,-95143145655500938383691824,12817543022712073060907931,-1397950006525254335161854,117009315360906639978888,-6867338939498511947376,236998811460565328112,-3024128948206204512
280: -1,-1 | -1,-1 | -1,-1 | -1,-1 | -1,-1 | -1,-1 | -1,-1 | -1,-1 | -1,-1 | -1,-1 | -1,-1 | -1,-1 | -1,-1 | -1,-1 | -1,-1 | -1,-1 | -1,-1 | -1,-1 | -1,-1 | -1,-1 | -1,-1 | -1,-1 | -1,-1 | -1,-1 | -1,-1 | -1,-1 | -1,-1 | -1,-1 | -1,-1 | -1,-1 | -1,-1 | -1,-1 | -1,-1 | -1,-1 | -1,-1 | -1,-1 | -1,-1 | -1,-1 | -1,-1 | -1,-1 | -1,-1 | -1,-1 | -1,-1 | -1,-1 | -1,-1 | -1,-1 | -1,-1 | -1,-1 | -1,-1 | -1,-1 | -1,-1 | -1,-1 | -1,-1 | -1,-1 | -1,-1 | -1,-1 | -1,-1 | -1,-1 | -1,-1 | -1,-1 | -1,-1 | -1,-1 | -1,-1 | -1,-1 | -1,-1 | -1,-1 | -1,-1 | -1,-1 | -1,-1 | -1,-1 | -1,-1 | -1,-1 | -1,-1 | -1,-1 | -1,-1 | -1,-1 | -1,-1 | -1,-1 | -1,-1 | -1,-1 | -1,-1 | -1,-1 | -1,-1 | -1,-1 | -1,-1 | -1,-1 | -1,-1 | -1,-1 | -1,-1 | -1,-1 | -1,-1 | -1,-1 | -1,-1 | -1,-1 | -1,-1 | -1,-1 | -1,-1 | -1,-1 | -1,-1 | -1,-1 | -1,-1 | -1,-1 | -1,-1 | -1,-1 | -1,-1 | -1,-1 | -1,-1 | -1,-1 | -1,-1 | -1,-1 | -1,-1 | -1,-1 | -1,-1 | -1,-1 | -1,-1 | -1,-1 | -1,-1 | -1,-1 | -1,-1 | -1,-1 | -1,29,-98,98,-29,1 | -1,29,-98,98,-29,1 | -1,29,-98,98,-29,1 | -1,29,-98,98,-29,1 | -1,29,-98,98,-29,1 | -1,29,-98,98,-29,1 | -1,29,-98,98,-29,1 | -1,29,-98,98,-29,1 | -1,29,-98,98,-29,1 | -1,29,-98,98,-29,1 | -1,29,-98,98,-29,1 | -1,29,-98,98,-29,1 | -1,29,-98,98,-29,1 | -1,29,-98,98,-29,1 | -1,29,-98,98,-29,1 | 1,-302,44933,-4394648,318064606,-18181039948,855433921774,-34091892206776,1175282355780671,-35616620872549530,960974550953834691,-23323915031100491408,513602150888287502684,-10334792877157648524280,191195825534708425491356,-3269200707376844253876368,51901399370464841287661033,-768130076486157820601304654,10635305299759613607582028605,-138196050610947828296538339208,1690045094072591574353615766242,-19501175444222045989699760538900,212803755658530816027197433435698,-2200681918412735046341478566999720,21608130770539434323391780926882143,-201794924318078259251686245791932522,1795248388010899423252942433559855155,-15236747424451520882891749430478599392,123536574897612287827659381195927217512,-958013724391224669024389360800324492240,7114063945588976422417642907250571722344,-50640055714722431191241056535084553931232,345882370901266067783841515251143536703711,-2268913416579418082234142542944715213652274,14306474721853050089980111302192915045973115,-86779554870480739948415287010879577992309512,506750410166953487206922801374288434298743578,-2850777566617694224500022709755383215146123172,15459881553200574130610190217730444519475366410,-80869654367168101262476041904333034854859039208,408270342920036242980279902348695452980205670609,-1990322974410812209915800414777816219185189773734,9374085479660682709288466343979223531509093955437,-42674311177702683476672299545170091467786356464080,187856559570926329822748176652246680365531983308524,-799993705517535131932794266064103983417203340775576,3296963493480515599726411047946842244070225016158380,-13154235352145928463493542310809697022962292987327184,50826201739624931460261414251089467716662646278371855,-190246926484861413721230751770955538343324336582422754,690055699246717298853613848706490930924942337594074811,-2426092531063279529389066161513394572722530014328986840,8269886995162158726835294047980389003443938910135525766,-27337924100213393302086905916600863739041448724506429756,87660267318055402948724334907550608369830488890112844470,-272710611171561783399594995420018932300661376084228567992,823279670864879621731880564627391461929884886811469194201,-2412218681383642014526780196415250013413403398390138888518,6860909024954136931408948128784091989722530775494506354437,-18945596621792451565074799062296298745188822290086256799360,50799200137220760464495432817157290525325263854304357694176,-132276382330221040400566734235685636180788665691631825438144,334529334903976985343440546095829093004926361849401420380896,-821782841872788997706580348297939811852181674223854207386240,1961057888776649086863925844522643965967334491392122310575274,-4546413127940244242874647784224281499133954387692424705420812,10240529621899549277232104147894816480940992981065035140499922,-22411772728570226256838112250286391961235699533596896042138736,47659657263851339534423733987536191664861345294393695719938060,-98483313024378469363695461461242510972074372471619506596457912,197752988489004128503917625259349570814620527104534909622829228,-385868504010655283959660809941462309724663302646506763551900080,731668338540471189337869974618188131683187157497696986409480982,-1348174867241272124607372646265111188697257030412125967039260740,2413955138104250388037388938956339191256781951810364633563988542,-4200033077454049778463486876649068114439162502882551416189606944,7100711422202501364617046639343475637327090304263335566296842872,-11664261259582701455368212589242808522444325431404694827419266416,18616364030176262800306864683577443469377836419898147758221657336,-28865967804555907653858827264226384428984449794285558061820918816,43480815001310627414474863976983608189482298845102880864501577114,-63619658987145903817934328830679719205085544406754318637969333132,90411557330780647166049268837355446156144953317739924326427758690,-124780648350982988537571367735564384542378874130009628983411367632,167227473838889955586970331971243768417929089968309909515443641460,-217593572526717509782010246773362158569679049466189738848430132744,274851279199162217394650176211827482695612786667236036422073445780,-336970581877055573330137982358826457389404991847297425997910790672,400914484016300472138422994668048897288514227119030915767314793590,-462800132843488220979040489139435724031720860088502865938997787428,518234924087509716884218009470786746036037467245383432434125338174,-562799258650753442394891880705068710415375665781635180641380640064,592609160695379658796824396752756862132702220370265190086065854832,-604863336150603863987394178491615803837079872487506581380071914720,598270197633398146907479204490321979117453137839963790719474131824,-573266125727226378359018344203466925283648208185473721609102383936,531975063279599582397058419135710066602553155792575034176337041470,-477912588409259736238184508175501959606775144824845494578590152164,415491209127549576130941136788923901392912798543278698215761141750,-349423486586421395039024050192794880568849956102986308228871705744,284135425615345008484340442338383425944383332307840629823447123732,-223291307083893570199171249300398359611405195172415130255696406792,169497655054879680479578541527231782745820729318603417656922347764,-124209120751735471411935105588399133051314539760560179696129928784,87815547862061853433167091851761781184569811551083758098931417826,-59858052350206401178048870087804910203232173351052353761189036620,39308234799741883489484877739891982280177789895361231979969386650,-24848383531884778047805611113372669022822235862978127433890385184,15106798674628791878100206717428289303961122165321005408059073528,-8824059560398151706276640752362341112523773092126914351820890480,4946478949136668330087700972648159052661464194017845239034825592,-2657686651771352593715621875625185434364603873129710883243672352,1366672861341980743757865424792025252402034224606371150596450110,-671521751042616713809120998297090831885147978046878744006910980,314671424282844368032896682011791897871226024883117033402133910,-140306360131306974955695377471762494738562843639415024796604720,59367828825044429418415212538829045678490317076225030063293740,-23760445421057410960389671573661941282898744880672631071569080,8957968437840991730352702804990526425351358820204663812604300,-3164651966791996275644636200194624635009898452491692694208240,1040239004008744336073281965461710461282859385257640709625170,-314982400577199975373486420623280060707149013883973607951820,86529197085478358885435120540891656960680370994794788905130,-21013801537990283428232180650800160118571852036437119596160,4281013947440930987507912333065091080056191318608185018080,-631752827212839410853524599376238891764542571559474652608,19750820689257222463278491819931432970200830853851459296,27755795896238283440714300208562138337042243554776876416,-12130260371810490548056943192091600307413969814749005051,3160382880244009569366695086486557485092061935846189722,-534445999459172135550799226259081038993768987097926631,29884748394837404947768292099788536626139769936984968,16075770170677202947943988329770717034592340686650358,-6713803131796642191109745377405901159933936683163068,1375451244366646593881491908974804414469568142270790,-115058002986283014198723291742562783313587390607128,-26531249691985290917776557006934513010310673210501,12250016644314170887677868354759400603364995262718,-2177319588547045017345138230543979278003095071345,68651914560674564162690981198324111422444996272,66903043144725556750963922352266073881899932204,-18060064399383564448888756885659279966169380504,1582936405171179384363619999250517140517572972,294918685174682495628370733045273682938865840,-111840009050736614169074288937139244491139091,11557478861644296407718557505932095828834234,1431335869486785414276321660489226334337425,-589183459806006943638146809938328607207464,51886953258954250622752998898194939221450,8733193563551137899575719036590114852316,-2611894234264921631924685782015494196134,114410814383197266931605436352088730680,50908903349392440899331569269294009531,-8430044386705941213535115198412488146,-288117109342038445139320441280881185,211158269225133148754464126139932448,-12265262945605799190927687566170264,-3239718952458141957723266986249168,460485755177424776023794876095592,29650094357333445646216573239840,-9520546821396889194934094890189,-29658935647409410347154426954,147555288182879043947895329311,-4469042960219956932688130280,-1898046206019858778550758926,94785287950184616020007788,21515253377465793805096482,-1215201282381396955533896,-221992893516912925786755,10709198651855100800978,2062444622545710961513,-56350404374603619600,-16151159009332203748,-2038680877741560,94415929869859292,2763582394759664,-336336308859069,-21293895268602,422234780287,72301689992,1259684910,-100187340,-4848738,-12504,4165,114,1 | -1,29,-98,98,-29,1 | -9,799,-29140,542332,-4722966,-3088422,462141452,-3647286516,-1154107373,184733375195,-1005125853824,-989577938384,33069764883384,-123452686067464,-154762057853008,2749453226201264,-8117126986583682,-5113691311722162,104502700640781864,-306612503954041272,211277666734179964,1267313027798019100,-5064322520536215448,10131927991220249448,-13273112524877452786,12198336408883013982,-8095405934974782064,3957315166551262704,-1453008133331451336,408875633819390840,-89636769247391504,15378987063819248,-2033007093555637,196471277268307,-11430735282036,-115369563364,110840167082,-13582123622,955131628,-39783188,862239,-7161,16
311: -3,1 | -3,1 | -3,1 | -3,1 | -3,1 | -3,1 | -3,1 | -3,1 | -3,1 | -3,1 | -3,1 | -3,1 | -3,1 | -3,1 | -3,1 | -3,1 | -3,1 | -3,1 | -3,1 | -3,1 | -3,1 | -3,1 | -3,1 | -3,1 | -3,1 | -3,1 | -3,1 | -3,1 | -3,1 | -3,1 | -3,1 | -3,1 | -3,1 | 151301843857369270123963462270077984,-16312415459798920230913982299843603824,760358021746276946693820355763168635776,-21971029773304359472236582653619919051896,456228902508275016197551529339731654712706,-7372425172225198021402050790855947053802459,97402066053058589374417210065748931903537679,-1087749627634303027826751056781208740549747420,10516120879643216669459917277853625529273023848,-89596794885511917258533348503703341926896835045,682054386310410788560938013265604600693166054065,-4689987442645872632300083656931336741083998799738,29388734343110278244732463365717409116903532489978,-169043003215299210151788936358441298740042343532345,897943063275286571325192176636385430301192667737349,-4427453822203599215482851163210325431061931802118760,20351854063256339844864782145210401479309579207377372,-87543540060477466664641099103830699179368767703098695,353525979778083864997248106735418835552833472249270747,-1344065351783956905881527458401965502550343512938574690,4822722627436860765883698608983745778124452771658120932,-16367298516279030066961637398830108052656151266073585866,52638270689531240679085693129223197818555383799636586194,-160692267805919718813917546680170346845595875730248314808,466336864803616048962336590728951808375647140406324743360,-1288196677727576419543244948854404553517513281896892586550,3391097090531249458246380840187085034452304541034980811550,-8515502080553209920299673962673761601892576574691317700348,20416089199034659482136639840086444192123401144645340139884,-46768756840795144290757021243131545069270516482473952700598,102433242209658986800919177201884644217359054426177142981758,-214616820121601335692869134273898032828769185480525859842464,430345853981643142250698940513262815332412306497693927050360,-826142292074808684468720239830219717946483428464573120093018,1518755761667891042079436408461656779251082814944509967053762,-2674176425507022161669698910357013883316241078191901027452964,4510192278850031246368110656932443327922380402586868622043062,-7286128495653151550628095548226376223566746176102470216826841,11273220112897034895867316244764697505191785237881250379538933,-16701591604554086336942933353684719524181152210126192849149444,23685880643406360906047536526569240087501693024247519112176968,-32140740972057556423565836907534164391520640447607086213110119,41707506265922217545835019593995159768411060851327561832257899,-51720091984387909815795182154652765215819780300918438047123982,61237006061921509805537927783559176147788403474019288983117790,-69153934883698423980113818282242877036840433195301426393316347,74388555217890661636254234921442248523952425531412244975627423,-76102061687399256478569028528517157916889110944140568840021864,73900619280475547672759827824485506791309565723875558116320772,-67955120856290584835770876876412153469829040296686899589362789,58994949443800503131222468453913284865081111901718006381114113,-48167729764156711102691340529443002502025131010344116557404742,36800032747961250161039565030847412222045863326920054262073328,-26126864540285798453302321220565981997474822801886238971983260,17066768037881358381146593115523163102350065611217802416578300,-10100591758715924347303982717259329772790961168511890719001136,5273616918024757108902975134761866295651189399135446579273536,-2299172758627606337207899150050985818543679832668738329371236,713738049593441771104975819056957849899469975965528608356692,-27932247840542631290738489540365511276803351646195616224360,-167048148332088029686973993396165994940482368689604910182712,152375059856142597112048910734960347944993248160012176691068,-85186392097115936469353984219110306621356410001090347494348,31169809782276055033454470981132448173236396439853801262592,-3815129289684619727880209997286086889898156314028698274384,-4409479829296602242439933443807598075234832685874431877388,4045394570448344820894620105442919471737399079381868432076,-1835751078215811209916851488195990829713430141874909992304,358746057268166456927610400075164656668587715284341826190,151516212884450208043003299938199810700675053321214407843,-165186684547360239175298012075660955872814941892281709815,67372865108465781144982409492972743047051181058038124380,-6492637947977048882392188900264853872901579599799094792,-8920686915795127782103909777567284862798583007909420771,5722446855026089865152831423426119435155708249625129207,-1242185650567474155692868430783340666066870079429128822,-385489079338514186592416109972118117565472426308676202,371058152036667901122205696142962165925006970253948897,-93267312073874128324736199337385273899123292744906637,-20052296842570906339402559803925722004893104645679416,21137748341994219389583023527991894986514002818166692,-4433017632590768239504687762806827678123560019665569,-1486207584524032033827988273106544684134446698104403,1035207379013249625971714219329068669904081108239858,-95395630225113827401334888468167186647087802840428,-104108982824606228057189504069564053004651966972922,35525675234266986351680550008321980968431615887074,4542151864803914416268246982376885156852349277960,-4782237816504813133867494653962124738513654462208,304589955554446751157917214620652599721611107578,444915210532339315141200937563187249696307288238,-83223117348535801705030315055384720145863818716,-33555874188765522307200017820191055873592034292,9969142805537573662280434020659931750974723226,2342743421147447863094655406373889351617724270,-879180581922891082209583648718990334234827616,-175111081168761452264289452965568829700404936,61218918947284899454364462994775016657982582,14565130971186686473253736061655912990023122,-3011158700156931394521814724927084111017524,-1150017533099738399857455207172755164381958,36888986651956401883406462907107852045169,64877182997644633793042361380006353688595,9461915455148217772057552743615427794180,-685142776206778962485233723834205776296,-423566096553454055062279880100013661745,-65392928202768869111212248296294042163,-4591601647900125348776530351116849858,-2716841085290461613983106199731886,25837039148097423915406252842778611,1655030024718695535491889574532553,-24247227345979830700371795938808,-7693989903376777913594588172036,-267434190701049543403520237139,9646385143436728263905634711,892842455090667050865473526,13358638346634809039538648,-475000289674624802253312,-12130581715976670292944,52833311624543690592
319: -1,1 | -1,1 | -1,1 | -1,1 | -1,1 | -1,1 | -1,1 | -1,1 | -1,1 | -1,11,-60,252,-894,2498,-4788,7300,-7433,6347,-2664,488,-32
